"","user_id","order_item_id","item_id","item_size","item_color","brand_id","item_price","user_title","user_dob","user_state","return","delivery_duration","user_maturity","price_and_age","avg_return","nr_obs","order_year","order_month","order_day","reg_year","reg_month","reg_day","del_year","del_month","del_day"
"user_id",1,0.001,0.438,0.003,0.004,0.066,0.049,0.066,0.076,-0.005,-0.003,0.111,-0.253,0.05,-0.004,-0.303,0.4,-0.107,0.021,0.466,0.097,-0.003,NA,NA,NA
"order_item_id",0.001,1,-0.002,-0.005,0,0.001,-0.003,0.003,0.001,-0.003,-0.008,0.001,-0.004,-0.003,-0.009,-0.004,-0.002,0,0.001,0.003,0.001,-0.003,NA,NA,NA
"item_id",0.438,-0.002,1,0.062,0.008,0.172,0.182,0.025,0.015,-0.003,0.024,0.235,0.143,0.182,0.017,-0.06,0.687,-0.253,-0.018,0.234,-0.01,-0.013,NA,NA,NA
"item_size",0.003,-0.005,0.062,1,0.198,0.235,-0.256,0.008,0.011,0.001,-0.111,0.025,0.014,-0.256,-0.084,0.035,-0.011,0.04,-0.001,-0.011,0.012,0.003,NA,NA,NA
"item_color",0.004,0,0.008,0.198,1,-0.013,-0.136,-0.001,0.001,0.001,-0.086,0.021,-0.002,-0.136,-0.062,0.001,-0.003,0.012,0.002,0.002,0.007,0.002,NA,NA,NA
"brand_id",0.066,0.001,0.172,0.235,-0.013,1,0.053,0.016,0.045,-0.003,0.02,-0.021,0.015,0.054,0.008,-0.019,0.008,0.094,-0.002,0.012,0.041,0.001,NA,NA,NA
"item_price",0.049,-0.003,0.182,-0.256,-0.136,0.053,1,0.03,0.025,0.003,0.137,0.039,0.01,1,0.107,-0.083,-0.01,0.083,-0.014,0.009,0.021,0.001,NA,NA,NA
"user_title",0.066,0.003,0.025,0.008,-0.001,0.016,0.03,1,0.001,-0.005,-0.03,-0.007,-0.074,0.03,-0.043,-0.044,0,0.005,0.001,0.064,0.039,-0.009,NA,NA,NA
"user_dob",0.076,0.001,0.015,0.011,0.001,0.045,0.025,0.001,1,-0.057,0.048,0,-0.09,0.032,0.069,0.016,-0.001,0.01,0.009,0.074,0.062,0.006,NA,NA,NA
"user_state",-0.005,-0.003,-0.003,0.001,0.001,-0.003,0.003,-0.005,-0.057,1,-0.028,-0.014,-0.002,0.003,-0.041,-0.011,-0.01,0.008,0,-0.002,-0.001,0.01,NA,NA,NA
"return",-0.003,-0.008,0.024,-0.111,-0.086,0.02,0.137,-0.03,0.048,-0.028,1,0.031,0.034,0.137,0.696,0.029,0.039,-0.039,-0.01,-0.013,-0.028,-0.002,NA,NA,NA
"delivery_duration",0.111,0.001,0.235,0.025,0.021,-0.021,0.039,-0.007,0,-0.014,0.031,1,0.016,0.039,0.024,-0.032,0.188,-0.12,-0.01,0.07,-0.008,-0.009,NA,NA,NA
"user_maturity",-0.253,-0.004,0.143,0.014,-0.002,0.015,0.01,-0.074,-0.09,-0.002,0.034,0.016,1,0.009,0.041,0.211,0.114,-0.03,0.009,-0.826,-0.396,0.02,NA,NA,NA
"price_and_age",0.05,-0.003,0.182,-0.256,-0.136,0.054,1,0.03,0.032,0.003,0.137,0.039,0.009,1,0.107,-0.083,-0.01,0.083,-0.014,0.009,0.022,0.001,NA,NA,NA
"avg_return",-0.004,-0.009,0.017,-0.084,-0.062,0.008,0.107,-0.043,0.069,-0.041,0.696,0.024,0.041,0.107,1,0.042,0.036,-0.039,-0.008,-0.018,-0.04,-0.003,NA,NA,NA
"nr_obs",-0.303,-0.004,-0.06,0.035,0.001,-0.019,-0.083,-0.044,0.016,-0.011,0.029,-0.032,0.211,-0.083,0.042,1,-0.052,0.017,0.006,-0.215,-0.09,-0.016,NA,NA,NA
"order_year",0.4,-0.002,0.687,-0.011,-0.003,0.008,-0.01,0,-0.001,-0.01,0.039,0.188,0.114,-0.01,0.036,-0.052,1,-0.792,-0.05,0.318,-0.153,-0.038,NA,NA,NA
"order_month",-0.107,0,-0.253,0.04,0.012,0.094,0.083,0.005,0.01,0.008,-0.039,-0.12,-0.03,0.083,-0.039,0.017,-0.792,1,0.022,-0.209,0.244,0.03,NA,NA,NA
"order_day",0.021,0.001,-0.018,-0.001,0.002,-0.002,-0.014,0.001,0.009,0,-0.01,-0.01,0.009,-0.014,-0.008,0.006,-0.05,0.022,1,-0.012,0.007,0.3,NA,NA,NA
"reg_year",0.466,0.003,0.234,-0.011,0.002,0.012,0.009,0.064,0.074,-0.002,-0.013,0.07,-0.826,0.009,-0.018,-0.215,0.318,-0.209,-0.012,1,0.016,-0.044,NA,NA,NA
"reg_month",0.097,0.001,-0.01,0.012,0.007,0.041,0.021,0.039,0.062,-0.001,-0.028,-0.008,-0.396,0.022,-0.04,-0.09,-0.153,0.244,0.007,0.016,1,-0.028,NA,NA,NA
"reg_day",-0.003,-0.003,-0.013,0.003,0.002,0.001,0.001,-0.009,0.006,0.01,-0.002,-0.009,0.02,0.001,-0.003,-0.016,-0.038,0.03,0.3,-0.044,-0.028,1,NA,NA,NA
"del_year",NA,NA,NA,NA,NA,NA,NA,NA,NA,NA,NA,NA,NA,NA,NA,NA,NA,NA,NA,NA,NA,NA,1,NA,NA
"del_month",NA,NA,NA,NA,NA,NA,NA,NA,NA,NA,NA,NA,NA,NA,NA,NA,NA,NA,NA,NA,NA,NA,NA,1,NA
"del_day",NA,NA,NA,NA,NA,NA,NA,NA,NA,NA,NA,NA,NA,NA,NA,NA,NA,NA,NA,NA,NA,NA,NA,NA,1
